1
1
1
1
1
1
1
1
1
1
1
2
2
2
2
2
2
2
2
2
3
3
3
3
3
308
852
742
686
294
778
634
47
899
118
245
581
534
295
277
636
827
878
980
223
298
171
926
153
126
945
153
758
111
192
202
515
18
217
576
368
453
30
513
360
668
727
666
432
394
939
708
607
895
212
720
320
772
850
889
144
380
876
189
531
685
743
119
716
703
217
556
423
968
751
1000
362
291
447
751
858
635
274
881
443
70
479
343
337
274
657
974
407
284
328
951
275
565
490
746
577
367
10
302
967
48
701
421
351
963
618
771
108
222
13
667
991
607
509
773
852
896
143
551
90
412
498
105
967
981
133
779
131
624
94
920
600
590
556
106
793
925
570
329
460
953
104
130
619
828
600
623
45
92
657
620
874
715
527
37
730
930
344
911
180
493
518
194
408
667
375
170
754
121
948
14
544
994
758
605
835
155
486
447
763
960
723
5
221
243
634
422
26
464
836
996
833
860
871
419
664
114
804
85
30
736
100
124
920
11
465
605
890
273
34
772
612
706
221
633
593
498
359
186
900
419
775
78
634
61
692
705
652
670
300
605
41
871
380
380
782
917
293
827
285
814
243
590
957
323
677
154
244
117
934
370
337
924
464
607
166
716
260
297
737
394
388
424
136
587
602
702
448
436
46
40
53
389
214
804
499
646
396
33
22
694
985
107
141
860
37
147
310
785
10
630
632
836
399
423
102
128
607
309
209
911
969
96
56
901
320
287
990
284
152
658
15
783
724
161
495
922
785
702
588
957
710
805
114
940
95
996
97
338
653
937
439
871
929
717
555
577
89
176
462
863
975
189
498
23
976
894
35
315
167
569
85
843
994
694
360
73
552
371
653
860
28
821
586
630
428
500
477
101
388
485
245
664
741
137
586
370
359
817
888
83
947
163
12
990
209
916
638
226
667
808
970
428
737
873
774
405
364
274
824
111
756
717
718
628
740
634
882
548
973
227
51
770
718
464
794
588
679
492
491
941
999
392
117
353
803
616
290
683
52
49
994
59
119
835
159
340
588
149
235
403
811
465
138
744
187
39
791
34
995
376
433
373
144
110
460
37
294
197
630
54
259
990
320
479
374
87
114
892
939
627
993
83
89
592
121
687
406
975
546
539
343
200
923
550
590
954
431
932
770
500
701
489
407
587
352
538
441
545
561
13
547
546
806
584
647
145
145
35
807
399
888
636
116
849
440
625
449
563
245
84
994
806
463
297
76
781
799
975
122
231
7
656
837
77
101
24
359
993
74
211
967
489
783
502
956
41
327
252
387
805
544
731
219
36
881
271
898
642
891
492
766
24
755
582
630
199
319
778
975
916
581
840
215
336
787
601
21
663
985
347
68
471
261
49
74
653
739
341
432
293
615
829
612
982
185
308
846
166
175
457
877
783
921
502
900
219
84
276
922
673
549
591
293
278
686
788
396
112
375
585
451
755
707
552
317
608
945
601
827
183
658
589
732
701
776
327
709
442
394
233
788
411
77
136
442
129
331
145
32
345
490
315
567
400
981
663
438
320
584
879
16
705
492
582
867
455
336
317
327
306
771
510
978
767
244
164
784
470
64
573
207
117
981
335
46
264
95
471
846
160
338
283
684
88
201
367
685
150
939
380
222
403
147
65
168
737
390
257
911
420
524
925
820
466
1000
701
806
460
775
37
482
269
943
519
489
756
258
968
284
29
43
992
602
192
545
947
160
809
89
507
271
833
952
761
607
60
466
944
439
209
782
229
309
29
18
798
921
152
815
20
854
912
600
743
782
848
859
868
557
847
575
649
239
869
306
314
148
342
409
65
261
275
488
101
632
823
291
755
467
443
921
747
245
838
464
330
735
127
402
886
773
53
877
382
794
178
962
556
372
188
82
561
700
283
70
323
100
60
45
948
699
194
549
222
955
409
574
143
573
219
189
653
948
721
972
745
885
846
136
807
203
901
118
822
25
102
843
360
636
187
102
235
783
91
881
596
651
307
237
761
806
110
744
101
653
951
114
423
674
612
759
270
872
525
326
291
116
772
60
99
190
42
11
473
258
32
386
189
833
850
441
185
6
273
157
321
160
551
805
34
425
561
151
775
937
316
598
182
223
872
151
7
659
578
320
653
758
688
25
436
612
887
981
403
338
707
14
797
177
273
619
83
392
664
370
962
767
802
654
713
149
667
694
896
753
739
617
883
817
419
611
236
588
318
86
435
549
870
170
474
101
279
318
559
763
503
674
904
504
773
857
292
936
445
712
16
657
975
713
309
105
91
762
937
586
657
475
235
836
635
204
986
410
153
577
722
495
448
775
273
915
615
319
833
669
24
693
588
202
704
735
160
73
269
339
124
815
799
715
165
816
883
152
653
852
919
958
669
978
552
972
630
20
639
362
206
827
242
190
881
493
30
849
468
676
198
995
228
136
603
700
10
595
624
97
280
665
437
131
128
767
330
156
570
381
791
148
727
536
998
179
129
942
257
71
86
428
158
205
76
807
213
858
224
373
336
882
988
960
767
305
675
926
461
200
257
719
290
506
306
293
871
495
956
133
297
717
931
585
675
901
649
147
617
687
446
843
990
241
577
532
156
506
8
750
121
226
908
665
741
682
895
201
394
277
877
842
296
802
886
508
682
132
396
297
912
796
957
513
41
288
715
759
539
454
55
406
641
569
976
406
520
994
812
56
985
663
724
749
206
942
320
626
824
632
540
594
109
132
75
887
403
319
330
853
600
730
19
116
602
774
91
580
86
692
94
81
513
16
938
905
755
656
572
718
464
618
95
407
535
442
557
396
105
459
634
41
574
685
401
815
904
49
723
330
812
196
887
274
197
389
52
116
155
597
139
771
943
666
499
817
772
13
173
207
152
262
748
566
248
648
502
324
964
175
719
540
102
314
505
578
490
340
243
848
33
926
380
197
871
500
855
660
287
985
697
740
740
265
916
507
104
60
670
733
290
16
404
391
7
632
527
86
218
610
618
816
522
131
846
786
380
940
470
722
221
633
241
356
623
678
976
73
558
317
564
716
602
385
227
164
774
326
418
404
929
873
317
901
820
952
54
728
158
707
104
603
565
289
962
51
331
586
685
897
245
798
352
455
482
766
544
916
92
791
341
509
604
759
696
988
869
721
288
766
13
710
709
427
714
198
245
716
845
753
78
124
437
486
514
936
109
988
97
240
535
391
921
325
461
742
704
500
847
728
747
702
965
815
109
270
959
154
706
411
243
115
988
797
665
397
838
149
808
421
708
886
729
907
586
473
186
810
192
528
370
633
705
773
209
144
335
797
390
343
637
371
57
617
445
409
310
555
982
453
392
910
388
376
82
697
84
896
691
376
652
159
767
705
321
554
650
194
142
665
770
407
498
483
770
111
43
453
144
893
585
117
847
395
912
726
411
189
234
25
972
922
66
992
778
65
530
664
943
175
918
192
727
942
541
958
373
878
538
127
242
195
672
498
277
614
215
331
298
306
430
555
32
861
398
788
306
561
354
234
714
12
78
828
374
697
347
32
539
586
564
473
272
316
308
232
43
66
403
788
611
157
98
626
42
469
611
143
655
818
138
962
841
427
710
571
373
306
799
57
377
67
271
500
380
361
925
418
288
922
419
75
789
513
615
455
990
262
731
951
250
146
720
15
214
105
921
882
513
910
364
217
36
240
502
540
775
68
650
70
521
313
58
620
325
186
256
138
944
485
345
705
778
175
424
887
656
639
832
477
99
26
92
193
776
372
517
950
917
148
173
196
325
105
802
701
745
55
183
526
745
682
650
867
888
163
617
117
618
796
480
189
961
778
151
612
712
198
526
830
255
982
279
628
186
256
625
910
820
476
642
903
140
722
477
388
434
7
451
396
816
973
386
130
425
474
402
926
283
626
707
804
822
692
605
589
525
362
84
540
869
918
118
367
290
665
555
748
819
124
651
643
474
391
140
557
380
192
432
771
989
128
580
917
112
549
28
979
400
328
912
795
479
614
383
818
676
989
86
17
916
318
118
322
621
461
648
747
67
934
627
715
77
869
865
378
570
783
209
859
338
905
247
43
46
689
994
844
943
814
550
862
539
365
169
695
181
675
560
440
727
429
24
613
227
173
570
728
920
998
913
438
272
676
998
422
767
314
543
725
713
63
958
306
129
837
45
223
496
588
927
185
61
516
187
605
554
999
81
704
136
420
789
723
327
441
318
685
987
795
626
478
370
964
214
553
140
272
401
584
907
157
900
864
445
826
225
432
380
893
382
977
302
276
595
536
165
885
739
450
139
551
338
298
814
725
385
623
157
174
580
90
247
135
189
934
496
941
740
659
693
707
348
497
152
955
508
40
10
241
811
18
261
483
330
255
445
235
840
459
497
852
678
815
938
988
517
98
876
981
734
925
900
627
743
939
886
612
717
463
828
500
749
810
965
279
98
436
629
292
423
765
500
695
786
455
217
473
336
118
489
262
631
983
952
55
710
532
455
370
353
569
351
100
871
135
83
99
513
232
884
870
298
70
26
290
706
784
572
769
950
651
495
309
854
709
131
694
761
126
115
217
516
636
79
696
521
638
233
814
283
474
858
643
679
451
963
575
66
389
84
517
523
536
722
365
350
92
708
624
106
266
520
64
954
405
247
679
123
395
359
834
931
49
796
37
732
439
31
886
722
631
932
59
85
18
439
311
322
859
312
838
989
775
370
339
910
930
82
49
618
342
949
887
991
688
666
324
221
696
203
799
907
938
814
855
428
700
527
147
151
307
807
611
96
360
233
20
820
244
698
984
621
650
897
867
814
839
850
879
780
189
708
665
493
42
430
142
817
201
119
16
238
696
718
56
985
221
479
886
794
52
919
626
329
287
984
759
364
39
538
601
736
725
972
970
425
525
871
210
952
389
980
479
979
596
561
473
729
486
840
248
73
548
795
335
895
249
769
483
626
330
496
751
572
872
962
613
521
503
514
80
441
917
245
451
902
565
394
904
152
352
935
847
298
838
776
617
364
649
703
391
717
862
738
120
189
560
956
935
89
164
636
293
657
460
310
706
293
10
203
729
869
650
231
837
532
584
405
658
885
593
7
128
266
93
627
475
741
934
480
6
403
631
914
110
586
831
667
931
60
602
671
241
570
79
682
296
17
856
722
689
327
436
338
925
295
725
41
684
150
798
484
698
618
992
73
205
855
319
130
349
655
130
757
134
797
130
298
562
115
723
471
779
426
667
899
281
406
155
958
279
576
771
888
875
839
538
126
220
398
572
514
962
657
533
134
857
802
993
816
802
995
987
547
651
793
704
578
648
281
301
366
427
615
155
416
464
482
113
679
825
379
948
9
981
718
316
253
167
831
811
286
706
623
324
418
513
262
761
305
23
190
434
46
646
498
383
695
176
27
42
863
131
382
740
430
671
501
198
998
187
554
486
858
185
454
681
96
537
930
925
788
842
66
877
792
23
232
736
477
987
946
397
115
983
617
380
207
210
954
534
670
684
164
975
474
479
609
91
762
820
741
634
893
357
145
352
139
689
675
886
514
929
586
221
612
60
830
482
949
487
244
821
908
65
21
889
791
832
75
170
303
503
227
741
298
589
244
711
629
126
785
778
936
419
1000
529
496
645
629
743
38
784
291
184
134
579
109
81
844
272
382
926
160
846
933
941
214
740
330
81
81
45
596
464
954
857
478
72
927
433
355
449
952
57
864
760
353
436
988
383
330
447
132
733
444
142
639
721
524
963
598
359
439
269
49
226
900
704
812
45
217
85
983
499
204
636
936
588
270
714
590
129
187
866
860
522
722
490
432
841
280
450
768
560
160
257
364
845
283
485
621
882
748
627
58
619
248
748
628
853
212
707
940
387
225
184
387
822
528
903
270
792
815
939
842
757
784
150
479
588
85
200
956
554
73
167
430
424
543
96
467
862
182
461
353
868
470
234
775
627
783
283
831
913
22
498
662
586
839
694
243
509
24
443
625
27
25
346
799
216
481
176
390
932
654
401
73
804
133
287
83
819
538
597
443
167
85
271
920
988
316
560
490
380
775
511
860
231
583
904
44
498
30
112
309
433
169
229
846
627
938
858
209
803
626
921
671
406
146
626
459
963
613
511
401
187
320
378
278
202
419
729
540
110
321
331
300
593
380
583
425
695
271
494
117
200
994
303
110
825
320
790
925
523
313
378
35
77
116
50
51
543
176
819
9
296
180
72
502
144
766
876
259
455
145
867
988
301
533
9
694
771
1000
349
282
482
313
998
146
522
161
883
55
945
805
703
40
987
368
785
933
645
1000
273
254
313
947
855
346
402
363
655
736
464
344
532
896
177
596
489
237
78
745
367
861
673
768
231
618
323
113
987
90
114
964
546
229
696
579
530
72
801
775
974
404
533
107
704
100
248
191
436
935
477
960
434
841
210
6
634
767
231
868
940
662
754
257
614
171
269
215
453
786
711
966
476
393
652
63
739
385
266
44
868
244
590
164
880
14
195
860
857
519
263
499
185
15
465
609
634
207
250
363
568
924
245
351
689
603
285
819
69
437
74
982
185
142
535
454
69
317
786
179
555
30
488
398
825
891
397
882
230
215
636
506
924
103
833
656
459
21
28
258
229
854
863
910
9
398
208
767
935
207
527
182
462
742
631
938
859
667
879
581
207
820
203
199
181
138
351
953
921
556
425
798
718
994
150
883
893
963
722
19
807
836
573
578
303
772
950
471
522
128
506
822
308
302
789
484
428
242
47
453
278
845
505
946
716
837
276
944
709
706
243
35
510
70
153
444
839
613
495
989
473
463
368
646
58
800
36
439
498
705
237
869
520
629
282
51
31
983
391
413
392
980
646
87
639
595
300
278
164
676
958
28
863
375
449
90
277
782
492
611
206
48
195
468
272
521
822
777
332
969
810
490
776
154
766
347
791
613
613
653
767
616
284
417
720
876
636
575
632
114
811
316
222
616
831
506
108
830
916
372
455
806
709
750
491
867
722
401
181
338
651
896
527
865
410
687
740
55
636
412
258
820
946
960
880
395
585
474
800
104
802
407
599
769
430
925
29
465
16
304
478
256
913
785
499
649
248
742
422
228
347
870
831
314
774
477
207
447
645
141
767
456
505
970
546
97
831
468
457
715
609
52
73
164
352
541
628
735
549
730
800
832
998
430
341
357
175
920
478
948
99
649
174
982
324
328
298
558
572
641
942
886
879
348
514
761
965
665
45
264
469
957
905
491
10
183
213
983
493
604
974
848
182
438
222
40
96
901
121
467
37
189
276
131
376
141
277
341
635
298
60
218
242
782
965
553
313
679
966
271
398
162
886
501
767
342
973
928
94
927
661
646
929
562
688
741
384
459
712
996
57
885
997
496
712
467
648
292
111
615
572
805
219
937
123
712
993
351
267
421
503
929
521
395
742
62
540
634
793
280
832
171
366
26
78
46
918
751
532
395
875
539
943
647
771
659
336
130
228
161
682
480
351
728
375
707
619
743
859
927
737
225
436
572
126
878
578
372
909
983
610
60
267
146
377
897
927
415
836
157
86
570
106
257
456
380
930
163
387
603
981
48
991
486
532
800
928
769
551
557
861
919
653
852
829
77
224
68
946
957
697
953
197
963
963
187
812
918
903
20
339
133
324
287
705
478
114
873
871
405
218
672
471
998
822
597
474
245
21
330
981
123
773
116
126
570
15
436
104
276
809
18
516
187
923
151
242
466
333
122
83
135
184
298
130
319
474
760
403
15
857
541
631
958
812
90
449
937
310
120
981
728
894
904
66
336
36
845
127
960
105
652
576
779
813
303
425
998
830
7
622
600
238
436
473
492
953
439
935
659
563
842
570
369
950
582
213
877
600
256
984
909
628
368
817
715
146
596
956
647
518
879
954
96
770
56
684
6
691
635
87
228
21
876
18
377
663
500
627
691
305
324
948
834
952
268
494
167
505
921
41
41
209
531
162
861
915
309
192
249
377
763
338
31
302
58
297
670
805
425
946
243
940
325
287
218
522
719
425
402
283
832
368
323
525
890
366
323
865
826
605
906
465
351
732
459
266
151
565
561
355
616
193
803
409
746
975
572
406
338
843
699
687
243
132
930
549
227
863
189
953
104
447
667
672
918
890
936
508
335
995
87
406
140
818
266
367
938
613
726
368
121
944
445
981
485
483
343
508
457
958
484
423
212
514
79
916
287
138
242
124
74
449
900
7
530
392
255
132
337
296
380
884
124
284
535
548
212
665
638
625
772
509
305
925
976
745
601
779
474
557
381
861
148
200
169
600
961
226
526
940
738
338
735
499
621
795
394
377
718
672
172
790
409
26
383
119
224
735
915
513
466
927
809
335
83
922
178
448
857
948
279
591
589
630
784
841
223
399
572
663
71
402
210
868
500
412
771
789
840
508
874
869
864
801
9
307
77
510
980
755
609
918
429
733
432
462
629
59
448
312
590
551
895
224
828
357
800
100
185
886
834
749
116
499
489
475
487
725
908
189
548
587
116
300
966
590
238
534
639
487
956
400
348
791
200
854
473
196
356
697
973
396
764
147
835
739
606
248
895
203
356
192
723
749
621
436
875
48
456
400
146
535
342
138
348
337
868
303
248
176
496
941
93
47
281
982
587
243
140
163
117
158
245
598
346
51
214
589
946
33
61
120
703
980
621
702
926
629
142
498
984
893
613
885
630
961
365
994
114
784
188
182
847
970
893
331
965
185
741
547
192
203
707
815
191
282
752
507
886
376
99
460
497
133
930
933
432
324
27
911
378
225
629
683
1000
464
671
885
318
926
944
999
87
776
362
139
744
136
129
497
57
822
452
93
358
924
272
178
484
43
451
393
676
248
142
938
824
890
808
100
309
712
508
578
267
204
909
144
604
696
521
908
55
890
367
22
734
444
450
674
212
935
441
73
607
779
870
233
818
542
357
789
668
368
692
386
930
515
930
689
699
348
284
934
540
175
527
111
685
853
87
132
918
566
307
675
597
207
239
934
80
986
435
625
296
640
899
606
686
155
457
382
724
51
303
118
390
315
652
908
875
523
32
211
17
915
269
409
482
689
758
595
857
536
114
881
815
531
526
618
978
870
24
237
770
534
975
506
613
508
277
734
670
393
853
536
169
846
6
849
75
71
579
247
334
211
138
374
998
911
94
250
60
565
374
119
343
183
307
810
483
829
224
185
77
990
375
59
739
493
593
953
114
705
71
558
277
703
495
311
230
152
593
384
259
224
824
660
99
632
856
923
242
434
139
744
963
722
852
841
95
749
554
275
222
935
717
589
77
496
373
764
386
539
327
394
971
616
710
238
747
741
916
892
726
741
441
556
950
426
433
826
212
198
563
333
344
642
731
723
678
988
631
578
173
429
675
675
910
438
245
110
288
687
151
806
176
279
700
144
302
673
778
956
196
731
249
304
133
96
695
416
565
246
57
716
440
934
753
848
923
460
719
392
351
838
314
436
292
558
193
689
972
756
709
591
410
414
203
432
503
366
878
557
973
741
686
679
123
864
414
63
666
363
388
755
344
693
473
833
815
741
944
922
923
56
66
649
159
724
338
308
559
783
152
247
601
556
929
76
454
69
111
801
295
823
842
41
416
208
837
443
700
833
31
564
269
768
573
700
302
746
814
626
446
617
248
334
494
900
596
148
26
900
774
406
594
212
560
533
559
31
23
149
936
532
519
439
108
520
841
549
568
149
863
550
978
617
201
803
770
498
34
368
609
476
976
880
846
280
484
894
285
715
575
176
587
514
947
11
21
850
372
876
690
329
326
496
831
888
18
377
264
663
711
545
892
556
102
579
948
295
649
802
159
311
791
345
478
829
246
241
355
993
437
908
749
931
845
333
921
91
620
250
994
26
340
768
454
81
997
198
399
993
290
595
258
294
416
715
659
153
177
328
510
781
267
559
495
9
429
144
673
664
211
925
947
250
514
106
101
268
780
603
304
927
338
680
233
936
140
737
788
506
423
34
534
218
147
183
380
901
632
555
932
625
646
844
999
963
983
385
518
237
376
744
486
829
815
377
722
105
777
109
893
738
917
895
616
186
996
76
28
521
321
827
573
301
488
650
564
825
958
842
711
442
447
904
262
752
118
826
863
481
598
315
173
418
378
565
398
25
467
191
129
45
218
286
528
858
69
725
211
533
159
561
931
811
893
261
164
802
462
832
686
208
396
44
983
147
407
634
66
93
506
495
212
294
448
624
524
275
734
556
796
215
437
532
260
735
526
221
984
12
728
428
205
376
933
115
572
111
912
642
790
309
249
822
532
324
753
771
403
259
47
948
63
584
119
183
991
606
133
37
225
576
928
239
355
669
927
751
827
396
35
632
499
865
432
828
589
907
925
312
152
34
579
302
636
482
883
359
515
687
151
208
15
950
230
922
124
471
701
239
804
902
280
608
498
238
307
631
709
629
356
277
307
343
231
142
826
830
618
573
558
508
474
293
734
12
875
740
397
829
76
659
43
12
404
199
368
379
544
492
162
314
519
489
309
995
73
422
812
718
519
88
543
911
108
606
122
651
777
482
719
100
769
923
340
310
52
769
241
984
346
93
381
304
364
68
192
601
96
934
404
663
290
313
560
743
900
308
275
520
263
519
835
303
346
842
987
539
722
924
291
7
159
959
283
124
404
410
682
397
581
191
940
160
115
595
343
475
65
286
682
370
223
606
299
862
806
643
236
376
366
72
993
454
279
372
334
609
21
12
694
176
541
614
871
484
966
79
455
896
915
846
538
609
898
657
824
70
590
387
779
216
688
934
353
154
454
229
87
952
382
863
659
372
980
523
802
747
60
713
95
57
444
240
356
259
586
845
945
216
523
451
142
860
60
804
114
289
177
477
236
99
821
371
178
362
342
985
962
912
1000
657
701
244
650
728
674
220
32
188
720
22
147
193
497
221
9
63
886
449
842
238
605
31
780
273
836
678
826
58
26
887
870
871
656
158
175
378
852
938
942
949
546
953
615
641
823
818
269
168
621
129
705
672
822
391
729
752
689
599
353
569
517
70
203
970
834
150
278
93
80
383
990
725
611
119
831
148
856
614
203
896
274
331
532
380
83
956
686
522
558
77
874
62
429
162
292
56
963
777
338
456
760
93
732
17
240
307
40
416
750
984
364
800
711
785
589
10
719
934
98
359
370
133
851
991
856
277
839
120
274
630
921
850
537
691
604
960
572
276
211
763
370
499
352
911
784
45
784
15
615
489
915
468
817
757
290
452
259
738
824
563
885
369
821
927
503
687
826
466
251
793
427
443
22
975
766
468
297
249
175
821
50
688
229
116
146
364
47
601
194
840
86
927
283
399
256
609
390
502
62
962
209
767
677
608
764
13
191
562
699
692
879
449
88
481
50
705
490
871
377
21
202
46
422
124
15
739
154
682
706
848
420
990
980
158
203
99
740
494
329
932
429
117
15
469
803
959
246
589
290
629
781
949
576
641
379
369
297
482
400
944
799
726
105
504
717
736
377
40
613
984
847
449
62
683
775
502
662
590
541
774
558
656
409
693
534
534
38
217
882
665
907
256
913
850
304
254
232
457
450
440
874
207
261
654
101
104
116
526
78
657
448
617
380
420
511
771
777
126
833
567
83
382
893
622
15
879
10
526
453
941
693
798
710
956
588
613
418
871
174
323
764
56
553
136
155
758
941
195
795
428
135
559
49
874
578
201
40
347
879
168
447
108
177
153
773
499
939
711
916
883
418
736
745
71
473
297
137
771
153
675
840
466
881
157
674
469
537
521
408
55
923
25
398
627
49
461
984
640
648
30
170
242
154
975
46
956
860
453
548
746
994
989
310
542
361
411
252
15
576
262
278
909
712
15
662
515
825
52
512
540
432
166
104
817
411
732
154
784
43
95
755
469
543
473
520
849
277
147
778
596
996
959
291
187
772
915
401
814
222
720
833
597
823
639
606
789
512
473
40
962
470
310
271
514
564
134
138
28
451
50
695
466
340
775
684
723
96
743
752
238
249
342
806
331
117
962
145
238
195
166
405
235
110
569
295
644
810
865
442
870
546
303
435
622
689
182
728
196
933
935
597
383
542
962
479
839
513
908
23
407
644
845
34
862
350
848
921
793
298
603
666
807
219
731
217
718
858
187
246
610
206
139
667
535
602
805
106
177
747
562
264
109
390
971
852
845
894
543
734
279
399
493
965
742
962
975
496
163
443
409
671
345
227
914
781
183
172
479
797
782
995
246
350
535
843
102
444
723
242
987
525
263
539
268
671
217
215
28
367
111
386
120
805
896
262
135
220
156
456
255
462
458
153
568
543
397
830
779
878
692
512
518
786
637
913
359
981
158
618
120
366
426
720
895
96
913
979
689
739
275
218
518
467
324
963
178
692
871
392
925
671
84
698
684
758
283
218
67
548
924
767
486
595
467
507
807
74
895
649
494
974
811
394
536
159
25
685
210
377
469
610
293
626
469
224
596
523
106
235
520
273
861
119
518
676
779
286
129
652
427
585
326
216
580
336
680
236
789
753
520
450
511
775
750
987
566
333
383
377
976
972
926
492
875
45
522
220
49
350
267
943
509
706
307
389
683
654
72
379
441
533
980
821
131
8
817
757
440
33
473
325
792
421
253
912
855
638
638
629
74
237
75
233
175
33
936
362
928
483
595
11
347
388
264
566
996
328
898
751
573
556
412
633
677
667
763
901
750
625
269
736
876
204
552
555
937
640
257
607
996
40
336
107
627
263
691
538
726
172
733
220
410
476
312
158
162
319
349
623
555
385
663
670
336
109
608
498
879
80
183
63
553
86
746
418
537
398
805
878
741
843
770
492
981
670
592
653
188
101
470
608
749
470
342
171
29
80
159
520
355
507
575
638
100
35
537
853
790
548
382
110
493
741
409
227
692
782
76
427
599
137
948
199
369
408
895
530
58
604
739
525
154
638
521
360
910
509
703
987
523
62
529
260
13
837
66
38
594
80
119
632
746
78
283
163
481
384
575
962
800
561
939
231
892
855
708
649
111
644
572
799
84
702
275
585
742
472
115
602
172
124
359
884
404
986
418
811
792
620
959
644
49
799
950
880
332
889
245
24
133
360
663
572
297
904
335
623
670
48
44
77
415
517
425
435
909
777
102
842
674
601
342
316
207
854
781
448
283
109
214
437
709
647
828
158
502
806
632
10
341
89
993
194
126
462
482
588
580
768
950
589
617
26
530
486
78
216
884
689
477
270
479
703
492
220
288
326
390
459
779
172
772
404
72
837
392
620
46
242
505
137
396
308
164
354
533
360
117
208
230
527
999
380
398
505
380
95
276
846
997
178
639
953
819
67
638
536
226
327
711
248
914
418
197
85
804
300
1000
860
784
945
376
899
318
441
208
144
463
138
627
591
216
442
454
59
385
723
778
101
205
392
261
946
70
311
405
333
885
750
80
378
514
689
31
613
797
636
879
608
338
651
711
793
287
505
421
924
632
560
14
781
227
340
544
204
509
526
152
377
822
949
917
822
834
762
974
794
122
924
895
785
367
254
722
995
555
964
625
17
699
488
687
246
508
933
692
827
117
945
551
374
599
225
771
105
554
368
350
657
571
712
845
51
107
488
380
221
590
485
696
733
622
961
172
867
351
579
486
92
711
357
762
203
639
110
9
981
843
480
624
500
628
353
18
493
562
618
219
162
739
779
223
989
586
49
586
492
675
576
661
295
212
843
323
483
528
94
129
680
223
131
372
728
374
37
929
337
370
202
982
859
207
346
722
307
118
973
24
487
421
604
853
261
510
497
275
508
620
873
582
761
563
92
282
668
221
593
633
846
656
848
505
482
821
226
591
688
527
396
899
855
595
191
952
937
131
505
13
164
862
153
916
703
182
912
321
551
45
430
275
998
145
41
227
508
106
137
187
94
147
333
41
962
206
557
577
32
910
480
628
557
149
941
828
810
750
90
141
404
399
211
774
325
57
678
753
625
587
817
42
434
628
889
310
634
720
715
886
302
189
616
109
658
537
140
148
366
413
462
820
226
480
682
204
233
7
478
973
817
784
317
207
144
699
344
514
935
263
48
461
593
422
852
246
267
221
545
697
151
279
321
153
541
27
616
626
326
800
471
210
703
764
740
322
224
765
295
917
779
47
36
659
976
214
497
423
721
997
378
488
897
973
788
179
380
645
807
279
95
475
965
573
374
990
311
783
467
138
140
976
209
118
661
913
956
294
518
503
745
251
755
626
873
684
949
906
158
883
48
695
480
433
691
585
365
803
390
717
109
571
896
60
94
918
699
891
435
94
871
765
717
279
964
697
516
525
937
480
201
617
169
516
105
324
250
878
738
432
586
279
715
943
162
42
590
943
221
612
221
299
129
528
307
350
363
735
815
947
696
375
366
337
519
717
857
104
628
445
829
136
396
274
466
947
814
243
714
590
269
545
376
998
646
812
218
724
446
574
471
208
902
358
208
319
700
745
492
800
338
131
112
697
33
95
862
327
434
267
30
427
213
835
565
616
757
217
735
688
538
154
953
584
751
359
21
227
127
12
794
948
383
579
937
412
71
242
658
410
765
434
715
87
256
409
559
219
872
279
51
716
941
261
336
46
728
404
484
28
150
527
833
347
856
517
766
537
852
793
210
244
904
785
281
237
820
530
45
493
707
351
800
641
709
536
388
186
936
500
726
283
850
337
453
870
992
194
204
92
93
352
852
410
959
829
749
530
510
332
444
722
136
992
128
53
425
388
568
483
425
244
639
519
619
946
628
678
345
81
786
588
100
436
270
286
237
495
256
316
527
124
402
544
647
247
99
351
49
739
959
690
383
51
181
747
490
807
32
535
713
999
972
800
711
856
350
668
280
757
746
407
81
129
297
754
254
143
389
992
732
796
523
734
262
489
354
106
828
158
77
245
607
682
235
558
82
269
568
914
437
873
29
87
394
271
860
353
479
786
197
490
576
39
664
969
535
12
572
176
883
536
230
477
329
246
308
105
726
343
594
14
424
300
130
203
764
211
471
615
394
32
531
676
498
789
738
452
878
46
297
157
273
954
479
111
135
66
389
309
616
235
514
647
691
242
202
931
284
498
322
927
968
256
19
201
494
547
126
976
856
43
238
410
180
330
144
872
312
29
945
432
580
798
960
101
243
793
226
116
270
344
860
347
150
442
423
830
835
604
457
659
892
241
722
154
153
305
460
615
419
785
17
145
540
557
976
311
565
16
84
336
403
777
126
217
57
762
582
580
349
642
719
905
304
879
782
651
294
463
120
238
761
154
71
1000
904
208
218
117
188
737
351
875
301
18
216
888
687
251
810
574
81
42
83
491
556
655
544
562
47
493
951
933
252
953
649
39
91
909
352
950
398
221
152
27
695
993
365
338
100
975
191
320
283
520
137
136
437
20
611
115
360
795
860
86
304
972
109
80
269
262
77
774
828
209
78
626
890
370
409
360
378
493
677
435
795
205
706
505
133
776
496
373
820
968
729
566
625
301
669
899
834
998
830
30
190
171
75
694
513
547
909
236
738
698
208
622
726
189
752
319
574
204
793
922
364
689
870
302
217
886
72
254
322
232
20
242
163
360
358
880
53
224
24
27
403
20
330
975
682
697
75
470
466
548
982
273
753
791
46
559
865
640
444
546
336
120
30
504
945
945
964
272
835
194
285
287
11
731
831
775
893
856
873
378
103
857
926
572
37
798
640
169
863
253
793
274
647
387
413
686
517
18
528
201
981
774
942
352
255
966
449
755
780
326
799
621
396
576
60
670
864
659
947
407
194
872
160
139
640
984
305
468
885
640
25
396
750
249
965
602
695
164
757
13
42
954
66
765
905
230
237
219
733
92
780
120
378
230
696
139
415
225
930
326
691
503
462
581
42
703
232
306
730
832
248
542
614
331
529
404
214
21
709
57
721
683
768
199
347
706
481
610
157
480
452
567
729
359
55
698
810
595
944
108
453
97
329
375
162
713
564
40
289
959
425
351
27
24
488
346
691
475
357
734
512
192
951
589
263
685
153
590
412
447
431
953
53
853
14
149
66
713
576
37
801
670
647
676
610
323
200
363
578
477
109
175
853
21
115
263
295
170
698
300
524
103
816
540
916
719
926
410
837
280
198
837
491
131
350
320
804
516
842
506
625
501
158
466
919
593
189
332
250
777
163
974
803
136
385
467
964
221
327
824
68
906
481
527
387
361
97
571
575
282
996
177
689
572
79
55
808
815
433
153
696
479
791
65
178
601
815
465
498
757
474
652
714
252
881
535
953
232
345
979
64
177
952
223
345
841
17
457
575
591
261
373
340
366
736
44
99
296
491
828
844
651
562
270
141
93
73
805
330
849
60
648
704
673
824
611
614
769
218
302
494
477
506
62
159
747
714
226
799
14
610
598
792
991
652
302
723
825
628
483
356
137
480
327
588
901
166
785
913
309
118
670
295
650
527
612
538
157
636
800
788
716
703
571
996
685
335
654
747
40
922
701
974
27
833
882
899
721
700
667
899
720
926
180
982
753
677
44
247
882
880
524
684
274
905
555
98
294
688
695
58
68
283
145
202
519
387
643
658
42
727
202
161
48
339
183
546
570
713
213
392
533
527
709
14
39
980
91
293
168
253
202
246
212
973
632
725
981
787
936
618
232
16
763
403
497
64
195
633
128
43
144
27
563
832
320
383
327
242
735
817
643
175
852
161
354
875
629
644
844
727
332
409
730
900
232
428
510
647
80
495
695
100
565
721
334
738
911
489
341
732
790
972
363
327
724
685
852
778
51
558
908
619
359
691
258
484
16
160
467
880
963
128
780
648
539
971
631
838
712
112
574
689
83
762
988
306
846
739
609
960
769
986
326
51
362
636
652
784
115
683
570
546
90
467
129
937
865
506
966
423
497
478
333
868
134
755
516
102
959
351
465
733
228
363
758
961
299
688
649
871
415
435
843
806
541
867
131
65
224
933
684
142
405
789
58
631
67
922
929
292
722
121
539
752
297
648
603
590
442
777
887
510
358
318
953
573
711
787
356
962
26
168
806
202
98
90
777
483
640
392
734
819
494
650
157
575
124
121
671
596
764
41
497
348
263
639
919
170
343
611
227
565
153
82
875
573
703
775
88
790
811
342
741
807
851
685
164
164
274
265
805
984
310
944
796
671
529
907
502
462
38
383
852
989
853
261
381
660
706
536
781
687
514
220
632
297
294
543
707
626
110
826
493
620
877
951
59
924
402
510
787
752
701
972
309
581
974
603
879
403
546
310
649
347
415
959
119
870
791
356
816
620
528
118
729
997
877
887
243
841
634
287
344
744
336
343
416
284
321
479
104
914
272
151
37
254
174
95
82
961
590
150
403
261
383
963
668
962
31
566
761
805
726
187
91
803
572
590
608
385
187
825
616
969
275
321
157
529
24
760
491
516
349
21
633
604
354
407
670
494
428
153
647
833
395
573
966
149
13
44
968
377
73
385
9
833
134
626
975
207
1000
765
466
753
809
780
858
278
180
293
625
22
753
534
167
903
609
600
467
353
721
52
347
350
44
720
705
577
819
104
728
15
422
54
95
831
435
879
101
152
94
284
84
661
361
746
482
61
396
622
412
417
306
773
776
937
841
137
52
958
889
480
541
466
755
557
316
234
347
726
58
385
59
194
905
932
673
199
534
270
566
134
677
645
572
474
405
262
620
173
572
772
651
49
434
358
249
771
576
655
366
792
449
407
728
496
61
483
720
194
376
745
794
956
871
948
591
13
697
124
351
732
930
699
377
757
628
249
987
453
229
590
52
604
894
205
608
100
906
484
413
285
377
916
341
175
961
20
390
861
442
580
279
232
866
964
816
949
311
290
438
209
484
174
855
113
288
346
17
886
738
171
331
510
416
750
958
383
91
529
141
833
735
229
260
464
267
649
118
454
228
750
961
792
815
999
20
8
527
90
519
996
414
768
193
250
939
338
427
877
747
152
294
787
596
261
435
807
307
478
610
343
264
890
222
644
962
653
582
597
316
55
897
29
879
799
457
569
837
742
496
796
466
226
286
147
235
808
152
988
601
425
299
559
471
182
138
155
432
156
929
486
207
998
324
827
331
509
402
591
54
990
321
514
615
939
428
149
695
686
372
264
887
384
465
554
997
254
198
945
897
412
685
282
9
584
383
628
277
446
799
445
717
631
669
801
217
741
772
547
341
894
143
984
542
739
633
395
738
897
891
453
122
493
35
895
213
76
454
891
44
588
43
518
59
338
217
109
674
389
524
134
170
385
312
121
79
624
881
977
251
350
923
901
427
325
94
874
590
464
698
823
470
557
189
817
600
550
519
14
360
640
796
641
254
201
71
277
550
332
215
299
380
405
274
625
934
279
678
509
810
819
140
619
546
467
350
460
868
490
403
527
317
133
697
21
623
495
582
976
275
120
328
270
448
180
891
202
295
944
28
18
667
876
879
604
186
118
400
881
318
349
886
679
847
93
72
180
56
864
42
840
618
735
290
582
936
921
347
690
521
830
994
443
506
141
176
860
11
139
23
409
9
346
194
970
974
714
144
29
156
296
777
812
460
752
757
820
349
811
45
820
525
496
85
850
497
889
582
855
772
758
55
953
841
16
893
700
608
990
829
423
112
866
857
719
444
46
294
896
260
386
688
688
987
725
973
50
600
640
612
515
11
638
53
991
645
607
782
996
850
245
92
346
695
384
295
517
703
78
815
13
327
619
212
529
433
414
79
738
927
723
62
297
858
516
242
112
107
547
171
727
30
674
428
720
91
103
992
743
747
490
230
861
90
525
892
236
124
575
941
506
553
399
496
514
645
29
449
253
105
587
206
845
281
485
530
41
21
684
102
87
973
636
801
613
104
207
806
299
605
835
878
289
147
401
768
460
602
540
978
416
961
832
644
397
536
207
188
67
388
291
129
21
386
793
102
553
565
731
412
564
444
932
835
690
421
346
62
26
226
24
550
154
856
606
536
324
687
267
869
93
366
329
649
456
960
89
452
397
849
827
129
868
490
889
805
467
520
556
756
511
812
307
796
805
470
500
746
552
890
417
802
145
672
590
94
396
860
834
855
696
130
840
60
467
813
898
712
634
863
876
328
184
70
315
882
973
815
196
595
320
375
621
21
335
192
321
401
979
513
129
741
919
683
886
238
270
340
296
266
827
243
726
231
721
123
12
859
814
256
706
155
119
786
479
660
506
293
778
242
151
419
542
389
810
519
980
789
12
907
772
52
353
48
725
102
569
38
178
286
172
174
271
847
733
649
83
82
344
459
849
984
190
706
150
963
242
195
969
183
996
92
657
260
261
48
139
860
500
552
852
520
792
411
685
18
213
764
429
582
334
795
887
370
731
291
793
790
31
784
635
46
63
486
806
884
683
894
955
969
620
11
681
759
60
290
574
687
393
270
289
92
143
653
47
306
352
815
882
211
779
916
926
547
929
395
913
828
519
869
821
578
459
642
434
115
102
72
134
975
360
543
246
174
761
404
906
633
554
812
240
734
814
772
826
396
597
672
652
234
937
395
414
727
954
410
973
206
341
938
508
567
770
296
180
202
302
514
99
590
283
630
287
496
40
318
787
618
881
706
880
24
763
209
888
614
770
491
381
929
419
780
153
938
939
451
569
980
264
96
728
293
668
306
300
214
881
501
194
996
361
840
591
509
303
420
612
344
305
612
611
990
818
929
957
883
940
582
723
506
369
387
953
443
884
232
897
483
507
553
965
366
919
825
950
436
870
976
721
789
187
756
841
924
274
890
988
729
406
166
983
732
185
809
917
821
481
411
852
903
363
423
673
180
111
857
948
755
447
878
553
511
70
37
287
979
523
505
210
915
717
553
59
609
762
50
458
34
376
435
361
849
718
727
362
532
471
400
849
14
755
549
681
396
872
360
685
415
463
138
126
804
279
555
875
855
250
338
523
330
867
310
173
92
322
58
153
615
183
259
479
432
476
33
315
415
343
645
330
99
819
372
94
624
441
328
726
766
524
334
475
634
576
856
783
770
630
820
271
949
655
50
453
583
365
426
771
702
448
260
648
484
466
447
939
951
490
528
534
897
291
703
382
841
577
807
200
494
47
950
925
492
173
207
608
989
251
531
225
358
569
705
715
890
402
204
627
864
193
488
187
619
699
264
562
687
255
999
754
371
705
552
389
383
494
69
755
119
927
808
888
153
591
1000
139
27
970
482
615
572
266
566
454
518
533
187
327
84
438
314
283
915
499
465
450
769
348
501
109
713
634
595
787
402
232
351
653
745
681
945
125
593
562
943
740
393
589
94
501
666
949
936
31
717
985
161
308
528
348
382
828
349
610
273
69
806
573
651
491
738
941
698
16
764
909
535
175
59
366
899
524
431
359
739
698
363
56
580
455
172
985
410
700
650
202
53
109
643
778
317
776
31
222
692
474
520
445
431
873
387
66
636
109
328
397
556
153
501
253
589
190
191
487
560
260
891
73
789
642
149
51
62
193
394
280
398
288
996
756
477
580
158
793
436
537
844
470
697
590
357
571
175
202
376
430
367
789
818
830
785
92
447
666
648
178
924
783
240
103
815
95
636
917
784
406
164
248
872
847
718
794
227
654
865
818
771
768
462
117
407
229
344
59
76
773
239
341
374
348
180
179
525
968
867
641
598
793
884
736
879
11
746
742
636
233
84
218
985
464
798
357
176
854
271
338
649
848
380
615
828
132
545
435
172
291
99
127
998
520
840
807
639
491
645
920
511
62
917
907
656
108
623
639
663
873
587
743
665
63
189
937
42
355
611
437
779
353
66
514
795
141
377
521
296
396
80
748
582
264
159
969
861
479
907
930
626
183
571
854
560
449
792
599
672
921
412
245
38
36
988
40
848
117
537
405
358
235
309
195
672
907
704
173
350
484
599
159
454
954
216
563
505
735
261
709
345
197
522
313
980
662
489
836
16
463
809
104
424
467
636
380
281
125
817
341
23
298
318
972
935
698
263
193
188
244
707
293
221
855
764
644
544
495
384
280
914
483
751
878
800
821
466
540
947
354
539
174
257
217
837
412
167
608
456
942
316
393
525
420
919
810
734
111
229
492
613
440
483
488
621
945
799
797
777
361
256
798
816
63
76
206
757
758
612
218
885
497
659
21
379
212
505
578
161
234
903
786
614
359
158
625
912
756
913
347
797
660
683
670
263
765
266
468
559
350
443
46
924
373
934
694
937
618
515
775
537
657
971
184
452
724
935
161
563
248
665
267
446
125
531
572
742
872
431
726
885
336
300
286
878
58
514
973
465
59
279
689
819
777
888
597
247
885
531
563
413
492
111
440
754
23
103
994
998
903
814
988
296
720
124
673
988
190
70
304
517
546
906
803
613
197
789
247
606
346
291
593
254
874
882
434
342
953
979
95
111
557
803
704
297
239
738
737
205
711
585
410
902
436
620
136
866
203
858
218
373
103
378
348
675
188
449
653
738
121
319
945
677
672
509
759
733
618
92
980
56
69
912
599
121
994
337
978
575
949
264
881
720
898
896
42
323
364
47
647
944
596
443
466
143
669
285
738
509
562
588
774
704
449
646
489
616
101
84
46
868
743
469
523
191
910
470
427
987
917
103
136
94
714
402
369
164
647
668
621
805
260
62
252
77
286
688
113
652
665
145
561
691
151
215
958
35
460
127
306
263
591
499
734
679
497
386
366
731
399
43
441
376
194
350
174
629
939
123
56
446
58
707
317
888
50
739
592
725
238
968
357
163
40
315
83
308
607
245
943
526
694
320
660
211
436
970
161
418
114
955
73
868
298
875
541
88
533
469
641
288
256
495
742
73
279
577
275
287
202
18
71
210
981
631
144
444
152
504
925
545
687
507
424
733
675
689
933
460
607
845
242
805
710
334
90
43
151
597
995
132
28
213
302
17
100
751
779
991
788
472
900
147
124
122
329
132
344
389
903
803
402
840
208
697
446
459
310
759
663
116
823
46
113
306
521
562
420
971
399
707
934
200
584
130
515
885
377
540
854
918
175
541
862
691
171
535
759
51
571
108
540
317
241
896
585
53
88
981
880
273
12
978
351
441
301
511
250
495
113
232
190
517
48
493
631
696
422
886
14
596
483
81
288
710
33
28
868
323
268
324
39
93
532
639
85
958
664
968
666
621
700
607
718
148
588
14
804
611
654
976
470
705
530
920
40
662
27
870
616
285
740
838
313
314
327
346
722
762
993
792
662
192
230
427
536
878
336
18
710
326
512
451
280
692
797
389
85
851
694
831
968
761
447
32
290
48
268
293
344
178
448
885
852
379
73
47
121
839
66
15
422
831
105
774
267
542
944
316
918
762
785
63
360
337
416
799
627
302
998
899
762
849
256
694
649
692
950
845
676
920
362
802
489
434
247
271
432
982
494
233
249
545
350
881
577
81
699
887
572
77
128
86
501
859
370
536
620
114
926
525
783
807
767
704
511
18
254
337
404
911
715
64
702
446
775
499
733
582
636
568
837
307
741
333
965
860
632
130
268
572
878
602
150
727
264
22
711
296
990
792
956
598
513
45
460
776
126
750
764
663
187
409
699
743
771
253
224
46
792
727
829
487
581
952
253
846
531
257
576
981
342
438
669
303
584
611
205
943
137
536
703
688
400
129
445
947
301
82
94
244
517
909
445
230
422
404
292
29
994
113
603
37
768
514
233
