668
620
846
546
989
903
401
377
741
70
550
530
926
283
361
173
985
568
995
468
491
898
857
514
306
941
802
614
904
9
908
277
818
796
182
987
398
24
404
170
380
169
640
545
767
287
272
892
791
155
935
538
504
495
439
855
533
647
300
661
339
17
881
102
726
694
870
519
519
60
187
476
285
536
860
10
454
489
292
477
414
443
962
31
122
295
350
193
986
231
810
415
423
139
645
576
204
359
935
781
304
353
749
218
770
228
497
110
841
626
346
574
5
973
682
792
279
507
1
620
294
119
40
570
350
761
981
921
238
242
615
947
107
445
248
124
190
769
303
547
575
984
986
200
700
382
51
703
321
133
167
568
531
423
67
703
795
250
742
701
731
222
465
905
950
450
696
930
305
548
772
386
279
41
580
60
856
192
545
3
831
324
673
591
670
125
404
118
915
594
761
633
168
320
731
882
403
344
913
564
104
963
166
401
345
89
55
443
672
264
666
714
868
616
682
216
311
297
947
954
652
767
35
615
412
364
289
821
83
372
215
417
98
698
870
400
134
526
171
667
538
103
888
581
942
357
447
547
476
914
390
899
197
166
915
918
743
416
421
714
596
460
446
661
434
615
541
503
98
573
610
297
856
681
599
605
175
372
26
384
186
445
224
456
314
698
607
225
166
793
454
596
917
354
502
167
137
709
970
897
564
739
637
540
375
141
31
972
395
195
825
658
390
771
803
23
994
234
433
625
190
511
549
456
745
74
657
602
876
132
973
238
969
467
594
400
108
278
376
666
983
638
413
10
392
628
631
726
70
302
599
384
451
263
50
921
836
652
496
130
947
928
670
36
536
35
810
527
738
324
336
731
369
582
496
540
654
676
956
481
884
167
998
322
352
862
876
167
726
267
318
65
523
421
34
208
311
670
364
14
168
51
620
57
732
769
225
811
510
95
914
499
97
824
469
510
784
269
401
945
810
413
4
615
941
728
413
270
548
658
157
122
172
506
364
42
558
718
635
963
404
374
754
332
287
679
489
699
944
960
302
632
134
863
804
907
160
315
913
44
880
733
992
909
611
851
61
882
711
380
990
837
865
444
582
132
33
408
383
544
680
50
644
12
104
529
807
67
512
197
615
525
347
775
267
36
630
307
394
801
600
353
749
238
126
963
873
163
510
326
305
975
354
78
952
677
120
608
756
526
568
732
268
239
956
536
69
146
760
25
746
727
151
730
752
341
610
429
76
919
572
676
614
247
968
849
693
136
750
199
707
756
904
525
329
398
90
895
699
58
624
616
162
367
39
831
891
929
898
527
714
681
805
80
872
711
482
139
123
899
299
287
581
543
524
34
735
66
947
331
482
130
730
522
422
501
440
863
694
542
902
483
541
919
263
92
425
178
645
990
147
861
536
400
669
861
991
191
301
205
827
721
920
319
494
125
665
662
510
757
270
291
615
747
462
392
78
58
48
716
493
585
891
21
308
967
567
780
725
762
637
267
498
340
189
167
183
512
924
738
875
494
166
505
163
970
571
555
596
211
770
116
175
778
412
795
15
636
390
414
4
545
930
481
920
76
465
359
557
971
919
931
990
311
386
761
691
483
991
724
761
264
354
198
764
762
518
218
608
56
651
412
517
89
701
114
638
965
812
961
256
426
588
629
22
300
303
421
984
782
759
470
164
277
842
532
63
901
839
379
19
280
984
408
199
715
1000
159
554
857
212
96
429
420
927
787
75
379
177
618
641
678
10
592
31
375
456
769
91
292
877
76
87
50
235
79
690
898
705
865
719
190
252
652
407
643
419
689
335
427
399
762
572
940
903
702
283
361
875
538
568
827
937
935
112
439
504
363
822
531
869
33
37
821
954
529
221
115
220
979
427
805
739
795
965
973
450
142
560
775
665
789
503
849
807
860
111
322
90
61
388
635
682
525
312
637
580
61
641
188
152
992
467
901
143
913
187
297
387
263
327
324
154
801
28
894
472
16
763
80
848
888
238
246
143
994
855
997
441
433
318
857
477
893
755
625
973
127
197
179
579
282
621
688
609
897
66
232
185
430
956
871
259
540
431
299
751
566
589
864
313
641
370
508
519
364
480
823
575
99
265
749
129
696
578
258
981
306
666
732
510
238
547
216
727
973
611
333
890
434
396
199
265
870
728
946
327
914
949
360
88
320
143
583
167
980
517
988
356
348
495
397
529
539
861
613
278
199
256
763
804
944
518
664
705
394
511
136
277
32
326
987
74
101
616
283
847
805
520
41
789
776
726
502
300
295
322
923
687
449
